11612 3594
11611 3593
11573 3129
11572 3515
11567 1072
11554 3636
11553 3648
11552 3623
11551 3597
11542 3659
11541 3660
11507 3558
11506 3530
11501 3569
11496 3497
11495 3491
11492 3497
11490 3491
11489 3468
11488 3497
11485 3563
11479 3620
11478 3565
11477 3566
11476 3566
11472 2177
11470 3497
11467 3488
11466 3496
11461 3488
11460 3497
11448 3566
11447 3600
11446 3639
11445 3620
11368 3662
11367 3662
11317 3639
11315 3600
11303 3610
11286 3615
11285 3610
11264 380
11263 381
11262 379
11261 381
11260 379
11259 379
11258 479
11257 407
11256 480
11255 479
11254 595
11253 596
11252 2647
11251 480
11250 489
11249 482
11248 482
11247 482
11246 482
11245 395
11244 396
11243 396
11242 396
11241 595
11240 378
11239 378
11238 590
11237 596
11236 377
11235 377
11234 377
11233 590
11232 590
11231 590
11201 438
11200 417
11196 438
11195 417
11194 417
11193 928
11192 529
11191 417
11190 422
11189 418
11188 529
11187 529
11186 418
11185 418
11184 418
11183 418
11182 529
11181 417
11180 529
11179 529
11178 529
11177 529
11176 529
11175 529
11174 529
11173 529
11172 418
11171 418
11170 418
11169 418
11167 3117
11166 3057
11165 421
11164 420
11148 1069
11147 422
11146 530
11131 3170
11130 2655
11127 472
11126 489
11125 488
11124 406
11119 2615
11117 2615
11113 484
11112 484
11111 406
11110 484
11109 484
11108 484
11107 484
11106 483
11105 483
11104 406
11103 406
11102 406
11101 483
11100 472
11099 585
11098 405
11097 405
11094 489
11093 489
11092 397
11091 397
11085 408
11084 408
11083 408
11082 2705
11081 417
11079 2675
11077 2675
11074 2675
11073 391
11071 2675
11070 530
11067 408
11062 407
11061 407
11060 407
11059 407
11058 406
11057 2658
11056 2705
11055 417
11054 389
11052 6605
11044 3995
11043 3995
11042 3995
11040 4097
11039 3995
11038 3995
11037 3995
11036 3995
11035 4086
11034 4086
11033 4086
11032 4086
11028 4086
11027 4086
11026 4086
11025 4086
11024 4086
11023 3975
11022 3975
11021 3975
11019 6615
11018 4627
11017 3978
11016 3965
11015 3978
11013 3926
11012 3926
11011 6614
11010 3926
11009 3926
11008 3963
11007 6189
11006 3979
11005 3974
11004 3947
11003 3947
11002 3975
10999 3979
10993 4490
10990 4097
10989 4097
10986 3977
10985 3977
10983 3997
10982 3997
10980 4485
10979 3979
10978 3979
10975 6614
10974 6614
10973 6166
10903 4041
10902 4041
10901 4041
10900 4038
10899 4050
10892 4045
10889 3963
10888 3963
10886 6174
10883 3955
10882 3956
10880 3953
10879 3961
10878 3960
10877 3961
10876 4483
10875 3964
10874 3964
10873 3965
10872 3964
10871 4038
10870 4038
10869 3965
10868 3992
10867 3961
10866 3960
10865 3960
10864 3960
10863 3961
10862 3962
10861 3961
10859 3950
10858 3950
10857 4051
10856 4051
10855 4053
10854 4052
10850 3965
10849 3964
10848 3963
10844 6189
10843 3946
10840 4050
10839 4050
10838 6189
10837 3956
10836 6171
10835 3956
10834 3956
10833 3956
10832 4045
10831 4045
10830 3973
10829 3973
10828 3974
10827 3974
10826 4050
10825 4050
10824 4050
10823 4050
10822 3974
10821 6173
10820 4050
10819 4120
10818 3963
10817 3962
10816 3962
10815 3963
10814 3963
10813 3962
10812 3961
10811 3963
10809 3964
10808 3964
10807 3963
10806 4108
10805 6186
10804 4020
10803 4020
10801 4015
10800 6184
10799 4108
10798 4107
10797 4106
10795 4155
10792 6201
10791 4166
10789 6260
10784 6184
10783 3937
10782 3937
10781 4106
10777 6187
10776 6187
10775 6237
10774 4152
10773 6203
10772 6186
10771 6186
10770 6187
10769 3965
10768 3965
10767 4053
10766 3970
10765 4039
10764 3935
10763 3936
10762 3936
10761 3951
10760 4151
10759 4160
10758 3960
10757 3961
10756 4487
10755 3962
10750 6238
10746 3936
10745 4034
10744 6177
10743 3952
10742 4106
10741 3959
10740 6201
10739 6213
10738 4126
10737 3951
10736 6178
10735 4039
10734 4039
10733 6238
10732 6205
10731 4014
10730 4014
10729 3936
10728 3936
10682 7125
10681 3809
10680 7091
10668 7202
10646 7178
10645 7125
10644 7127
10571 7195
10570 7207
10569 7221
10568 7218
10567 7183
10557 7218
10554 7218
10553 7218
10550 4173
10549 3922
10548 7023
10547 6208
10546 5811
10545 7020
10544 6568
10540 7212
10539 7212
10536 7148
10535 7123
10534 6568
10533 6568
10532 3923
10531 3923
10530 7157
10529 7124
10526 7213
10525 7202
10524 7213
10523 7201
10513 5869
10508 7122
10504 6568
10500 7123
10499 7123
10488 7168
10487 7168
10483 7173
10476 7173
9903 4021
9902 6250
9901 6250
9900 4021
9899 6261
9898 6261
9897 6261
9896 6237
9895 6237
9876 6186
9875 6249
9874 6186
9873 6186
9871 6249
9868 6250
9867 4021
9864 6214
9862 6261
9857 6256
9831 6221
9830 6184
9829 4016
9828 6221
9827 6221
9826 6184
9825 6184
9824 6221
9823 4016
9822 4146
9821 6186
9820 4019
9819 6249
9816 6186
9811 6250
9810 6261
9809 6256
9808 6237
9807 6237
9806 6237
9805 6196
9804 6256
9803 6257
9802 6257
9779 6248
9778 6248
9777 6248
9775 4015
9773 4015
9770 4107
9768 6186
9765 4109
9764 6186
9763 6186
9760 6186
9759 4110
9758 4111
9757 4023
9754 6187
9753 4115
9750 4165
9749 4153
9748 6255
9747 6255
9746 6196
9745 6196
9744 6197
9743 6197
9742 6195
9722 6177
9721 6177
9720 6244
9719 6185
9718 6185
9717 6185
9716 6244
9715 4000
9714 6248
9713 4106
9712 6185
9707 6184
9704 6184
9703 4108
9702 4108
9701 6186
9700 4020
9699 6186
9698 4020
9697 4020
9696 4022
9695 4022
9694 4023
9693 6187
9692 6187
9691 4165
9690 4166
9689 4166
9688 6204
9687 6254
9686 4152
9685 6254
9684 4138
9683 6197
9682 4139
9681 6195
9680 6195
9679 4154
9657 6177
9656 6177
9654 6218
9653 6177
9651 6244
9649 4000
9647 4106
9646 4106
9644 4106
9643 6184
9632 3935
9631 4035
9630 4035
9629 3935
9628 4035
9627 4034
9626 3935
9625 3934
9624 3934
9623 4071
9622 3934
9621 4116
9620 4129
9619 4147
9618 6260
9617 4166
9616 4153
9615 6194
9614 4155
9613 4136
9612 6192
3431 3503
9582 6178
3430 3503
9581 6178
9580 6218
9579 6218
9578 6177
9577 3952
9576 4001
9575 3937
9574 4001
9573 4105
9572 4106
9571 4106
9570 4017
9569 4017
9568 3936
9567 4017
9566 3936
9565 4018
9563 3936
9561 3935
9558 3934
9548 4167
9547 6238
3394 3660
9545 4148
3393 3660
9544 6213
3391 3649
9542 6199
9541 4152
9540 4067
3388 3636
9539 6201
9538 6200
3385 3597
9536 6193
9514 3950
9513 6178
9512 6178
9511 3951
9510 6219
9509 6219
9508 6178
9507 4002
9506 4002
9505 3952
9504 4105
9503 3937
9502 4105
9501 4014
9500 4014
9499 3937
9498 4014
9497 3937
9496 3937
9495 3936
9494 4017
9492 3936
9489 4037
9487 4036
9486 3935
9484 4039
9482 4032
9479 4059
9475 6234
9467 4494
9466 4070
3307 3511
9458 3959
3306 367
9457 3959
3305 3503
9456 4068
3303 3503
9454 4138
9453 4068
9420 3949
9417 6220
3258 3623
9409 3952
3255 3595
9406 4014
9400 4489
9399 4017
3239 3601
9390 4038
3237 3580
9388 3940
3236 3581
9387 4039
3235 1928
9386 4029
3234 1922
9385 3941
3233 3147
9384 4060
9383 6229
3231 3580
9382 6229
9381 6198
9380 3962
9379 4058
9377 4482
9371 6175
9369 4127
9361 3960
9360 4160
9359 4160
9357 3960
9356 4138
9355 4160
9353 3959
9348 4076
3192 367
9343 4175
3189 367
9340 4175
9339 4064
3187 3503
9338 4064
9334 4064
9307 3950
9304 3951
9302 3952
3148 3659
9299 3952
3142 3648
9293 4052
9292 3953
3140 3648
9291 4051
3136 3635
9287 4051
9286 4051
9285 4051
9284 3994
3132 3623
9283 4051
3131 3602
9282 4045
3130 3596
9281 4489
9280 4046
9278 4038
9277 4038
9276 4038
9275 4039
9270 4081
9269 4483
3116 3601
9267 4040
3115 3572
9266 3929
3114 354
9265 4060
9263 3932
9262 3932
3110 3580
9261 3970
9260 3932
9254 6229
9250 3992
9241 4125
9238 3961
9237 3961
9236 3961
9235 3960
9234 4126
9233 4125
9229 3960
3073 3516
9224 6252
3064 367
9215 4064
3063 367
9214 6206
3061 367
9212 7018
9211 7019
9209 7018
9208 7019
9207 3928
9206 7019
9205 7019
9204 3928
9200 3928
9156 3956
9155 3956
9152 3950
3000 3667
9151 6251
9148 3954
2995 3602
9146 4099
9145 4004
9141 4102
9138 3953
9137 4051
2985 3576
9136 4050
2981 3601
9132 4052
9131 4120
9130 6224
9129 3996
2975 3572
9126 4045
9125 4009
9122 6223
2970 803
9121 4024
2969 3574
9120 3965
9119 4046
9118 6223
2966 3578
9117 6223
9115 6223
9114 3965
9113 4046
9095 3929
9090 4040
9083 6228
2931 3519
9082 4057
2930 3519
9081 4057
9074 4483
9071 4123
9070 4123
9069 3962
9068 4125
9066 3962
9065 3961
9064 4123
9063 3961
9062 3961
9061 3961
9060 3961
9059 4061
9058 3960
9057 3961
9056 3960
9055 4126
9054 3960
9053 3960
9052 4496
9050 4496
9046 6206
9044 7018
9043 6207
2889 3659
9040 3928
9037 3928
9036 3928
2843 356
8994 3956
2842 3573
8993 4090
2841 240
8992 3983
2839 1898
8990 6181
8987 6173
8986 4101
8985 4101
2833 442
8984 3973
8983 6174
2823 1071
8974 4096
2817 3117
8968 3996
2814 3519
8965 4009
2813 3117
8964 4484
2812 3519
8963 4045
2811 3512
8962 3965
8961 3965
2809 3512
8960 4045
2808 3512
8959 4045
8958 4047
8957 4118
8956 4024
8955 3965
8954 4041
8953 4045
8950 6223
8949 4024
8946 3965
8945 4041
8944 4117
8943 4117
8942 4025
8941 4113
8940 3905
8937 4041
8936 4041
8935 4041
8934 4041
8933 4042
8932 4042
8931 4025
8930 4113
8927 3964
8923 6222
2768 3658
8919 3904
2766 3658
8917 4025
8916 4984
2763 3663
8914 3964
2762 3658
8913 4984
2730 806
8881 4061
2729 240
8880 4493
2725 442
8876 4169
8872 6207
8870 3928
8868 3928
8867 3928
8865 3926
8864 3926
8862 3926
8826 6171
8825 6189
8824 3956
8823 3955
8822 3956
8821 6232
8820 3955
8819 6243
8815 6247
8813 3974
8812 4004
8810 3974
8809 4004
8808 4004
8807 6262
8806 4050
8805 4050
8804 4100
8803 4100
8802 4096
8801 3973
8800 4097
8799 3997
8793 3973
2639 3658
8790 4484
2638 3663
8789 3978
2634 3663
8785 3978
2633 3663
8784 3978
2628 3663
8779 3905
2562 442
8713 3926
8671 6189
8670 4087
8669 4087
8668 6171
8667 4087
8666 3980
8665 3980
8664 6172
8663 6246
8662 6246
8661 3795
8660 4005
8659 3909
8658 4669
8657 3947
8656 3909
8655 4097
8654 3974
8653 4485
8652 3997
8649 4050
8642 4044
8637 3978
8636 4044
8633 4044
2476 3658
8627 4044
8626 4044
8623 3978
8622 3965
2470 3663
8621 4044
2425 418
8576 6614
2382 2655
8533 3985
8532 3985
2376 1069
8527 4088
8525 4088
2372 3117
8523 3979
8520 3979
8518 3794
8517 3948
8516 5579
8515 3947
8514 3975
8513 3974
8512 3974
8511 3974
8510 3977
8509 3997
8508 3997
8507 3977
8506 3977
8505 4485
8504 3977
8502 3978
8501 3978
8493 4479
8491 4913
8490 4913
8488 3902
8486 3902
8485 3927
8484 4171
8482 6605
8478 6614
8477 6614
2325 3663
8476 6614
8475 6614
2279 417
8430 3918
2278 417
8429 3918
2273 417
8424 4091
2265 343
8416 3975
2261 370
8412 3976
2260 3048
8411 4490
2255 3057
8406 4097
8405 3974
2251 1069
8402 3976
2250 1069
8401 4485
2249 1069
8400 4485
8399 3997
8398 4097
8396 3977
8395 3977
8388 4913
8387 3902
8386 3927
8385 3927
8384 3927
8382 6615
8379 6662
8377 6614
8376 6614
8375 6614
8373 4626
8320 3912
8319 4358
2165 440
8316 3912
2163 540
8314 3986
8313 3986
8312 3979
2160 420
8311 3979
2159 420
8310 3975
8309 4490
8302 3995
2147 614
8298 3975
2146 370
8297 4490
2145 614
8296 3995
8295 4086
2142 3057
8293 3976
8291 3995
8288 4086
8268 6615
8261 4626
8259 4626
2043 928
8194 3912
2028 487
8179 4121
2027 487
8178 3986
2026 561
8177 4491
2025 487
8176 4098
2024 561
8175 3986
2022 485
8173 4491
8171 3998
2016 922
8167 3986
8166 3999
2014 922
8165 4491
2012 1356
8163 4098
2002 369
8153 3976
8144 4086
8143 4086
8137 4086
8136 4086
8121 4629
8120 6212
8118 4626
8117 6614
8116 6614
8115 4626
8114 4626
8113 4626
8111 4626
8110 4626
8109 4626
8107 6674
1889 408
8040 4364
1887 485
8038 3797
1886 407
8037 4480
1885 485
8036 4364
1884 485
8035 4359
1883 347
8034 7130
1881 1426
8032 7135
8029 4364
8028 4361
1875 936
8026 5455
1873 506
8024 4480
8022 4364
8021 4480
1867 613
8018 4121
1865 2609
8016 4480
8015 4480
1862 369
8013 4491
1861 2609
8012 3999
8011 3999
7990 4626
7988 4626
7987 6674
7986 6674
7985 6674
1767 467
7918 6642
1766 408
7917 3798
1763 488
7914 4361
1762 2666
7913 4361
7811 7214
7810 7203
7808 7214
7807 7203
7806 7203
7805 7191
7804 7191
7803 7200
7802 7200
7801 7224
7800 7179
7799 7224
7798 4360
7797 5479
7796 7134
7795 7133
7794 7132
7793 7158
7792 7129
7791 3911
7790 3798
7789 7134
7788 7133
7787 7132
7786 7132
7785 7131
7784 7137
1602 439
7753 7076
1547 566
7698 7215
7688 7220
7684 7220
1527 371
7678 7220
1524 369
7675 7214
1523 369
7674 7220
7673 7209
7672 7214
7671 7209
7670 7214
7669 7191
7668 7185
7667 7214
7666 7224
7665 7224
7664 7185
7663 7197
7662 7224
7661 7224
7660 7134
7659 7136
7658 4360
7657 7134
7656 7128
7655 5485
7654 6704
7653 7134
7652 7133
7651 7133
7650 7159
7649 7129
7648 3913
7647 3913
1412 406
7563 7215
1409 566
7560 7215
1408 405
7559 7204
1407 568
7558 7215
7556 7197
7552 7160
7551 7224
1396 2649
7547 7159
7545 7159
1392 371
7543 7158
1390 371
7541 7137
7527 7071
7526 7073
7525 7074
7524 7076
7523 7076
7520 7076
7519 7076
7518 7076
7515 7069
7514 7069
1313 481
7464 7216
7457 7192
1305 483
7456 7193
7454 7180
7453 7180
7447 6876
1292 406
7443 7152
1262 505
7413 7071
1258 942
7409 7065
7404 7076
1252 3462
7403 7069
1249 371
7400 7069
7399 7069
7360 7216
7359 7217
7358 7216
7349 7101
7308 3924
1120 618
7271 7193
7269 7193
1116 3462
7267 7181
7265 7154
7264 7153
7263 7151
7260 5052
7257 7152
7256 7151
7255 7118
7253 7146
7252 7147
7232 7057
7230 7068
1020 595
7171 7154
7164 7094
1008 598
7159 7151
1007 511
7158 7139
7129 7057
7125 7060
7124 3924
7123 7060
7122 7060
879 598
7030 6165
876 402
7027 3924
875 402
7026 3924
7023 7060
6935 7058
6933 7060
735 598
6886 7156
731 582
6882 7142
701 2647
6852 7060
700 2647
6851 7060
699 580
6850 7060
6813 7222
6812 7222
6810 7222
6808 7222
6806 7221
6801 7156
6799 7149
6796 7144
6795 7144
6758 6578
6757 4595
6756 4596
6755 4596
6752 4597
6751 4597
6749 7060
6722 7221
6721 7222
6718 7186
6715 7168
6712 7149
6711 7169
6710 7165
6709 7165
6708 7161
6687 6569
6686 6211
6685 6589
6682 6568
6681 4597
6642 7219
6641 7222
6635 7167
6632 7170
6631 7169
6630 7104
6629 7090
6608 6586
6606 3922
6605 4597
6604 6568
6559 7172
6558 7167
6557 7171
6556 7171
6555 7170
6534 5428
6532 6579
6529 6579
6528 6589
6526 6568
6525 6568
6523 6568
6522 6568
9564 3936
6485 7212
9562 4037
6483 7219
9560 4036
6481 7211
9559 4036
6480 7199
9557 4074
6478 7187
9556 3934
6477 7173
9555 4030
6476 7172
9554 4072
6475 7172
6449 5811
6445 4173
6444 4173
6442 6208
6439 6568
6438 6568
9493 3936
6414 7212
9491 4046
6412 7219
9490 4018
6411 7208
9488 3935
6409 7208
9485 4039
6406 7196
9483 3935
6404 7187
9481 3930
6402 7157
9480 3930
6401 7148
9478 4059
6399 7172
9477 6238
6398 7148
9476 6238
6397 7143
9474 6234
6395 7143
9473 3960
6394 7141
9472 6201
6393 7120
9471 4094
6392 7121
9470 3959
6391 7116
9469 3959
6390 7096
9452 4174
6373 7020
6370 6208
3263 3660
9414 3951
6335 7212
3260 3636
9411 3952
6332 7201
9410 4104
6331 7184
3257 3623
9408 6227
6329 7184
9407 6226
6328 7124
9404 3937
6325 7122
9403 4484
6324 7122
6299 5811
9376 4126
6297 7022
9375 6205
6296 7022
6295 7023
9372 6252
6293 3923
6291 3923
6251 7212
6248 7189
6247 7189
6246 7177
6245 7127
6244 7123
6243 7122
6242 7122
6240 7120
6239 7116
9305 3949
6226 5408
9297 4011
6218 3923
3145 3659
9296 4102
6217 3923
9295 3952
6216 3923
3106 241
9257 4083
6178 7213
6177 7213
9255 3992
6176 7202
6174 7123
6173 7122
6172 7091
9249 3962
6170 5869
9248 4058
6169 7080
3067 3512
9218 6210
6139 7025
6094 7126
6093 7125
6091 7125
6089 7091
6087 7114
2999 3628
9150 3954
6071 7049
9144 3954
6065 7052
2991 3603
9142 3953
6063 7025
9112 4117
6033 3810
9111 6222
6032 3810
9110 4038
6031 7213
2958 442
9109 4043
6030 3810
9108 4043
6029 7202
6028 4056
9106 3964
6027 7178
9105 4038
6026 7223
9104 4041
6025 7127
9103 4117
6024 3809
9102 4043
6023 4079
9097 4040
6018 7113
5999 5734
2926 367
9077 4123
5998 7044
5996 7045
9073 4057
5994 7048
9072 4123
5993 7025
5955 3809
5953 7091
5937 7046
5934 7046
5932 7054
8978 4010
5899 4055
8952 4045
5873 7037
8951 4047
5872 7040
8948 4112
5869 7054
5868 7054
8909 3963
5830 3806
5763 4122
5761 3914
5760 3807
5758 4077
5757 7012
5756 3917
8818 6182
5739 7037
8817 3954
5738 7039
8816 6247
5737 7034
8814 6173
5735 7042
8811 6262
5732 4179
5635 31
2561 934
8712 3926
5633 7009
5630 6127
5626 4788
5607 7035
5605 4179
5604 4179
5602 4179
8651 4044
5572 26
8650 4050
5571 26
8648 4119
5569 7009
8647 5356
5568 34
5567 34
5566 102
8644 3978
5565 23
8643 4044
5564 23
5552 7030
8630 3978
5551 7031
8629 3978
5550 7032
5546 7033
5492 7029
8528 4418
5449 3451
8526 4088
5447 3451
2373 3117
8524 3981
5445 3457
2371 3117
8522 4088
5443 33
8521 4088
5442 31
8519 3979
5440 25
5418 37
5417 103
11566 3516
5415 38
8492 4479
11564 3659
5413 38
5372 3457
5371 3457
5369 3456
11512 3563
5361 2570
2277 529
8428 4078
11500 3570
5349 108
8427 3918
11499 3494
5348 107
2275 419
8426 3796
11498 3486
5347 38
2274 540
8425 3793
5346 38
8422 3793
11494 3489
5343 38
5291 249
5288 249
5286 3457
5284 3454
5283 3453
5282 3452
5281 520
5254 3476
2141 3057
8292 3995
5213 249
8290 3995
5211 904
5208 357
8282 4097
5203 360
8281 4097
5202 251
5201 1231
5193 3473
8271 3901
5192 622
8270 3901
11342 3593
5191 622
11341 3592
5190 3476
8267 6662
5188 3476
8265 6614
5186 622
8264 6614
5185 622
8158 3999
11230 590
5079 253
8156 3976
11228 583
5077 253
2004 369
8155 4086
5076 499
2003 369
8154 3975
5075 3666
2001 3057
8152 4086
11224 595
5073 250
8151 4086
11223 595
5072 358
1999 3057
8150 3975
11222 378
5071 252
8149 3975
11221 407
5070 522
5068 522
8146 3976
5067 3534
8145 4086
5066 3557
11199 417
5048 3479
8125 6615
11197 417
5046 622
1919 348
11149 3057
4998 499
1915 487
4994 3666
1910 421
4989 522
4965 3485
11080 2658
4929 3656
11078 2658
4927 3656
11076 391
4925 253
11075 2675
4924 3656
11072 2675
4921 499
4917 3569
7992 4627
11064 406
4913 2312
11063 407
4912 3556
4896 3480
11046 4086
4895 3485
11045 3995
4894 3485
11041 3995
4890 3485
1771 452
7922 7133
7915 7188
1764 487
10994 4490
4843 3569
1769 487
7920 7130
10992 4097
4841 3568
10898 4050
4747 3656
10897 4050
4746 3656
10896 6174
4745 3656
10895 4096
4744 3632
10894 4096
4743 3633
10893 4096
4742 3620
10891 4046
4740 3620
7812 7214
10884 3953
4733 3558
1566 372
10796 4107
4645 3567
10752 4160
4601 3492
1528 2609
7679 7214
10751 4167
4600 3496
7677 7209
10749 6200
4598 3468
1525 369
7676 7214
10748 3959
4597 3497
7549 7160
4470 3655
7546 4360
1388 371
4467 3639
7542 7158
4463 3600
7540 3913
4461 3600
4455 3546
1266 2673
4345 3614
1260 618
4339 3564
4318 2254
4317 3463
4316 3466
4308 366
1139 2641
4218 3466
4175 3611
4169 3609
7170 7154
1019 595
4098 3641
1015 617
7166 7099
4087 3607
1014 511
7165 7094
4086 3585
4054 365
4053 3032
4052 3011
7130 7062
4051 3011
7128 3924
4049 3011
4048 3011
7126 3924
4047 3011
6884 7150
733 598
3812 3638
3810 3598
737 581
6888 7155
3809 3593
3801 3542
3796 3583
3766 1874
3763 1038
3760 3502
3759 3503
3757 1040
3756 1040
3754 3011
9904 6249
3753 3011
9872 6249
3721 3650
6797 7144
9869 4144
3718 3625
2176 390
5255 3474
9863 6250
3712 3593
9856 6237
3705 3589
9855 6256
3704 3589
3701 3544
3697 3582
8289 4086
5210 498
9818 4019
3667 3498
9817 4019
3666 3499
5207 250
9815 6250
3664 3501
8285 3976
5206 250
9814 4021
3663 3502
8284 3977
5205 520
9813 4111
3662 1040
8283 3976
5204 360
9812 6214
3661 1040
9776 6248
3625 3661
9774 6184
3623 3661
9772 4107
3621 3649
9771 6184
3620 3637
9769 4108
3618 3597
9711 4015
3560 1038
6637 7168
9709 4015
3558 3503
3511 3661
3510 3661
3509 3661
3507 3661
11198 440
5047 621
9655 6178
3504 3649
9652 6177
3501 3624
9650 6185
3499 3597
9648 4000
3497 3594
9645 3937
3494 3595
9642 4107
3491 3590
9641 4107
3490 3590
9553 4129
6474 7143
9546 6260
3395 3660
9552 4080
9551 3931
9550 4167
9543 4152
3392 3660
9549 4168
9537 6202
3379 3595
3377 3590
3376 3590
7994 6604
11066 421
4915 3568
3372 3590
11065 407
4914 3557
6450 5428
3371 1089
6447 7020
3368 3581
6446 3922
3367 3571
1774 491
7925 4360
4846 3570
3310 3508
9461 3959
9413 3951
6334 7212
3243 3601
9394 3936
3240 3601
9391 3939
10890 3953
4739 3570
9354 4160
3196 3510
9352 4068
9345 4175
3194 3512
10887 3964
4736 3566
9351 3989
3193 367
9350 6230
7813 7220
10885 6174
4734 3568
9349 4497
3191 367
7809 7197
10881 3950
4730 3563
9289 4053
9288 3937
9268 4040
9225 4160
3074 3515
9231 4126
9227 3960
6148 7049
3069 3512
3072 3509
9223 4062
3065 3512
6143 7053
3070 3519
9221 4496
6141 7025
3062 367
3068 3512
9219 4499
6095 7127
3016 3659
2989 3602
9140 4010
9133 4052
2982 803
9139 4096
9134 4050
9127 4051
2976 3575
9101 4043
6022 7125
9094 4043
2943 3372
6021 7091
9093 6222
2942 3447
9099 4038
6020 7091
2941 3515
9096 4042
9089 4040
2938 3517
9087 6228
2936 3519
9088 4040
7550 7160
4471 3655
2928 3512
2887 3659
9035 3928
2884 3659
2850 3575
2849 3576
2846 356
2845 803
8989 4004
2838 356
2844 3575
8995 3955
8988 4004
2837 442
1281 523
4360 3630
2824 1070
8975 4009
5896 3807
1277 405
4356 3615
8971 4009
8921 4113
2770 3659
4311 366
8926 4041
8925 4041
2767 3658
8924 4042
4307 3468
8922 4025
2764 3658
8920 3904
8908 6228
2757 3652
8912 4983
8905 4983
2754 3657
2753 3652
5831 3806
8903 3964
2752 3640
8901 4983
2750 3657
8907 4984
5828 3806
8900 3963
2749 3657
8906 4984
5827 3806
8899 4984
2748 3667
5826 4461
8898 4123
2747 3667
8897 4983
2746 3634
8896 4983
2745 3622
8902 3963
8895 3963
2744 3628
5822 4077
8894 3899
2743 803
5821 4077
2742 803
8892 3963
2741 3577
5819 3917
8891 3962
2740 3576
5818 3917
8890 3963
2739 803
5817 4705
8889 3903
2738 804
2737 802
2736 807
8886 3962
2735 804
8885 3962
2734 3574
8884 3962
2733 3573
2700 3444
2697 1071
2694 3130
2689 3117
2688 3519
2687 3117
7262 7100
4183 3662
8798 4050
8791 4100
2640 3659
7261 7100
4182 3665
8797 4050
8796 4120
7259 3799
4180 3662
8795 5514
8788 3973
2637 3663
4179 3654
8794 3996
8787 4048
2636 3658
8792 4050
8781 5511
2630 3663
8780 4044
2629 3657
4171 3610
8786 5512
4168 3609
8783 4045
8776 4045
2625 3657
4167 3612
8782 4048
8775 4044
2624 3657
4166 3608
2623 3663
8773 4044
2622 3652
5699 7008
8771 4118
2620 3657
8770 4112
2619 3657
5697 7008
2618 3646
5696 7008
8768 3965
2617 3652
8767 3965
2616 3657
5694 7014
8766 4042
2615 3657
2583 804
8734 3899
8727 4493
2576 497
2578 355
8729 4493
2571 564
2570 355
2573 805
8724 7017
2566 564
8716 3926
2565 564
2568 934
8719 6166
2539 344
2537 3047
2536 1072
2534 1072
2533 1072
2530 1069
2527 3519
8635 4044
8628 3978
2477 3658
8634 4044
2416 438
2415 529
878 598
3957 3011
2414 529
5491 7033
2412 418
2411 418
2410 418
2407 419
2406 933
2405 529
2404 418
2403 418
2401 419
2400 529
2399 529
2398 418
2396 419
2395 417
2388 344
2386 344
2384 3058
2383 3058
8483 6605
8481 6614
2323 3663
2322 3663
2314 521
2313 355
6934 7059
3855 1039
2312 534
2311 534
6932 7060
3853 2654
2310 428
6931 7060
3852 1040
2309 861
3851 1040
2308 427
3850 3011
2307 428
3849 1040
2306 449
2305 861
736 402
6887 7150
3808 3593
8423 4006
734 598
6885 7150
3806 3583
8421 4091
11493 3468
5342 38
8414 3975
2263 343
3805 3583
8420 3984
8413 4086
2262 370
732 605
6883 7142
3804 3549
8419 3984
8418 3979
6881 7174
3802 3549
8417 3979
8410 4490
2259 3048
8415 3975
8408 3976
2257 3105
8407 4097
2256 3105
2252 1069
8409 3974
5279 520
2200 424
5278 2570
2199 424
5257 3471
6793 7164
9865 6250
3714 3598
5250 38
8322 4352
2171 417
2177 440
5256 3473
8321 4358
2170 417
9861 4137
3710 3589
8318 4078
2167 419
9858 4163
3707 3537
8315 3916
2164 440
3703 3561
2157 420
8308 4491
8301 3995
2150 345
8307 4086
8300 3995
2149 3459
8306 3975
8299 3975
2148 345
8305 3995
8304 3995
8303 4490
2143 3057
9766 4020
3615 3589
2072 423
5150 249
2071 391
6690 5431
9762 4145
3611 3589
5147 249
2068 2675
9761 6187
3610 242
11297 3654
5146 498
2067 2686
2065 238
2064 2658
5142 520
2063 2689
2069 530
5148 249
9756 6187
3605 3582
5141 360
2062 1957
9752 6257
3601 3581
2058 2705
2061 418
5140 360
2054 2705
2046 417
8197 4359
8190 3910
2039 421
8183 3998
2032 421
2037 439
8188 3916
8181 4121
2030 487
2035 421
8186 4121
2031 421
8182 4054
2029 487
8180 3998
6636 7167
9708 4107
3557 3503
8172 4491
6633 7166
9705 6184
3554 3503
8169 3998
8162 3986
2011 3459
8168 4098
8161 3998
2010 1356
8164 3998
8157 3995
2006 614
8160 3975
8159 3999
1926 927
1924 487
11153 1069
5002 253
1923 487
11150 3057
4999 935
1920 452
4993 252
1914 487
1913 467
4988 1148
1909 561
1905 487
4987 1148
1901 408
1900 421
1895 484
11121 397
4970 3483
1891 560
11118 2615
4967 622
8039 7130
1888 408
1893 485
11123 405
4972 3482
8041 7176
1890 556
11120 2616
4969 622
8033 7130
8031 4480
8030 4121
8023 4054
1872 3459
8027 4361
8020 4054
1869 3459
8025 4480
8019 4121
8017 3916
1859 2609
8014 4054
1856 369
1792 2626
1791 2659
1787 2688
7933 7200
1782 417
7932 7188
1781 389
7931 7179
1780 416
7926 7129
1775 491
1777 539
7928 7188
7921 7132
1770 927
1776 487
7927 4364
1772 2668
7923 4364
7916 4480
1765 421
9464 3959
9463 4068
1768 2668
7919 7135
7912 4364
1761 467
10991 4097
4840 3563
10984 4097
4833 2312
1754 488
7911 4361
7904 3976
1753 2666
7910 3913
1752 467
10988 4490
4837 3563
7909 3999
10981 3997
4830 3523
1751 467
10987 3976
4836 3523
7908 3999
1750 555
7907 3999
1749 408
1748 488
1747 490
1746 2666
1745 2666
1744 467
1743 555
7892 6929
1741 408
7891 4628
1740 468
7888 4628
1737 408
1736 408
7886 6727
1735 484
7885 4626
1734 484
7884 6674
1733 560
7890 6686
7883 6674
1732 2665
7882 6674
1731 468
1730 468
1728 407
7878 6674
1727 485
7877 7076
1726 560
4804 3480
7876 7076
1725 486
4803 3486
1724 486
4802 3488
1723 556
9416 6220
3265 3660
7880 6674
4801 3489
1722 556
4800 3483
1721 347
9421 3950
4799 3491
1720 407
1719 484
9419 3951
9412 3952
3261 3636
4797 3497
1718 484
9418 3951
1717 485
1716 486
4794 3497
1715 2665
9415 6220
4793 3497
1714 468
1713 556
6333 7212
9405 4013
3254 3595
1711 407
1710 407
1709 407
1708 483
1707 372
1706 372
1705 372
6326 7123
9398 3965
3247 3595
1704 524
1703 2671
1702 1427
7783 4360
1625 2658
7782 3913
1624 2658
7781 3913
1623 2624
1622 2615
7779 3999
1621 2615
7778 3999
1620 2694
7777 3999
1619 2688
1618 2688
10847 3964
4696 2177
1617 2615
10846 3964
4695 3488
1616 2616
10845 3965
4694 3491
1615 542
7765 6675
1614 2616
1613 2616
10842 4050
4691 3497
7763 6727
1612 544
10841 4050
4690 3497
1611 2616
7761 6674
1610 2616
7760 6674
1609 2617
7759 6674
1608 452
1607 539
1560 566
10790 4022
4639 3565
1553 500
1552 406
1558 406
4637 3584
1551 406
1557 406
4636 3564
1550 566
1556 406
4635 3530
7700 7215
1549 566
1555 483
7706 7215
1548 566
1545 406
1544 566
7694 7215
1543 346
1542 346
1541 346
1538 504
1536 939
7686 7220
1535 939
7685 7220
1534 612
7690 7220
1532 3461
1472 2659
4551 3639
4544 3591
7616 7076
1465 397
9158 3955
3007 3635
1471 2615
7622 6727
4543 3565
7615 7069
1464 542
7628 7004
1470 542
4549 3627
4542 3586
7614 7069
1463 396
1469 2694
7620 6674
4541 3565
1462 397
1468 2688
7619 7076
4540 3564
1461 545
1467 397
7618 7076
4539 3531
1460 544
7617 7076
1466 2616
4545 3591
1459 396
1458 453
1457 539
9157 3956
1456 396
1455 453
1454 539
9154 3950
9147 3954
2996 3667
1453 562
9153 6190
1452 492
1451 493
1450 493
1449 439
2191 423
9123 6223
9116 4047
2965 356
1422 406
2186 418
1424 503
4503 3468
1417 406
2185 418
1423 406
4502 3497
1416 373
2181 1112
1418 566
7569 7216
1411 568
6798 7149
9870 6249
3719 3638
3702 3544
2166 928
8317 4358
2940 3129
9091 4040
2933 3519
1397 3462
7548 4646
4415 1851
1336 446
4414 3464
1335 446
5956 3915
2877 3647
4413 3465
1334 397
4412 3495
1333 397
5954 4079
2875 3640
4411 3467
1332 446
1331 446
4409 3468
1330 397
2872 3640
4408 366
1329 546
4407 366
1328 546
1327 396
2869 3667
4405 3468
1326 454
2868 3667
1325 396
1324 396
1323 2674
2865 3667
1322 493
2038 927
8189 4121
8187 4054
2034 487
8185 4121
1265 505
4344 3614
2033 487
8184 3916
7408 7074
1257 507
8174 4098
2023 561
4340 3613
7412 7064
7405 7069
1254 507
7410 7066
7401 7069
1250 3462
4335 3612
7407 7066
9710 4015
3559 368
1247 371
6634 7166
9706 4107
3555 3503
8170 3998
1243 371
9636 4018
3485 3315
1942 390
1187 396
7338 7147
1180 455
4259 3609
1173 494
9635 6186
3484 3581
1941 2690
4251 3539
1172 488
6562 7168
9634 4020
3483 1928
1940 390
1171 494
6561 7173
9633 6186
3482 1093
1939 390
1177 396
4256 3608
1170 437
1938 2705
1176 495
4255 3539
1169 489
1937 543
1168 489
1936 2705
1167 408
1935 543
1166 379
1934 416
1165 407
1933 417
1164 481
1932 417
1163 407
1931 2705
1162 481
1930 1954
1161 407
7311 7069
1160 482
1928 452
7310 7069
1159 482
1927 1955
8859 3926
2701 3286
1158 472
1925 487
2699 1070
1156 405
1922 487
2696 1072
1153 516
1921 487
1152 501
1892 485
11122 397
4971 3482
1123 618
7274 7205
8772 4044
5693 7010
8765 4042
2614 3657
7222 3924
1071 396
8764 4042
2613 3646
7228 7069
1070 548
5691 7009
8763 4042
2612 3657
7227 7069
1069 548
5690 7012
8762 3965
2611 3657
7226 3924
1068 396
5689 6127
8761 3965
2610 3646
7225 3924
1067 549
5688 102
8760 3965
2609 3646
1066 548
5687 4790
8759 3965
2608 3657
7223 3924
1065 456
5686 3800
2607 3657
1064 380
5685 3800
8757 3965
2606 3643
4142 365
1063 549
8756 3964
2605 3643
1062 549
8755 3964
2604 3634
4140 616
1061 457
8754 3964
2603 3634
1060 381
9149 6251
1448 488
8753 3964
2602 3643
1059 494
1447 437
8752 3964
2601 3643
4137 3011
1058 457
6068 7051
1446 488
8751 3964
2600 3622
1057 457
1445 932
2599 3631
4135 366
1056 381
1444 488
8749 3964
2598 3631
1055 380
1443 489
8748 3964
2597 3631
1054 494
9143 4101
1442 408
8747 3964
2596 3631
1053 460
1441 484
5674 4178
2595 3622
1052 379
8745 3964
2594 3622
1051 460
5672 4179
8744 3964
2593 3619
1050 489
5671 4179
8743 3963
2592 3619
1049 480
1437 407
5670 7042
8742 3963
2591 3619
1048 407
1436 484
8741 3963
2590 803
1047 407
8740 3963
2589 923
1046 479
9135 4050
9128 4484
2977 3575
4513 1873
1434 484
8739 3963
2588 807
1045 407
8738 3963
2587 804
1044 482
10662 7114
4511 3495
1432 483
8737 3963
2586 923
1043 482
2585 564
1042 475
8735 3903
2584 807
1041 406
5277 1233
2198 531
1429 407
1040 475
2197 531
4507 3468
1428 483
2582 804
1039 406
5275 243
2196 424
4506 3468
1427 483
2581 805
1038 591
2195 237
4512 3494
4505 3468
1426 406
8731 4850
2580 356
1037 473
2194 422
1425 406
2579 804
1036 471
2193 422
10661 7091
4510 3467
1035 601
2192 530
10660 7091
4509 3468
9124 4489
2577 521
1034 2648
2190 238
1421 406
8726 4063
2575 359
7183 7218
1032 535
2189 238
1420 503
8725 7017
2574 359
1031 512
1319 381
7470 7216
7463 7216
1312 407
9393 4046
1692 1425
7081 7207
930 380
4009 3653
8617 4044
2466 3663
4002 3587
7074 7098
923 460
2854 3577
1311 407
9392 4046
1691 342
4001 3548
7073 7151
922 379
1310 481
928 549
4007 3629
4000 3605
7072 7145
921 460
5931 7054
2852 803
1316 494
7467 7216
1309 481
1689 1314
7078 7207
927 549
4006 3599
3999 3541
7071 7140
920 461
5930 7054
2851 3576
7459 7205
1308 407
3238 3580
9389 4039
1688 1293
8620 4044
8613 4044
2462 3631
3998 3618
7070 7117
919 379
925 458
4004 3592
8619 4118
2461 3619
918 407
1686 506
8618 4118
8611 3965
2460 923
7068 7146
917 407
2848 3575
1685 3460
2459 497
7067 7146
916 379
9767 6186
3616 3594
2073 530
2847 3573
1304 483
1684 3460
2458 497
7066 7140
915 480
1683 2650
8615 3965
2457 923
914 479
1682 613
8614 3965
2456 497
913 378
2070 391
1301 472
1681 2650
2455 359
912 479
1300 472
2454 497
911 378
1679 369
8604 4871
2453 361
910 478
1678 369
8603 4849
2452 361
909 478
5145 357
2066 423
8991 3955
2840 3085
7448 7136
1297 502
1677 369
2451 441
908 477
2450 541
907 465
1675 369
8600 4479
2449 564
906 406
1674 369
2448 359
905 554
8598 4479
2447 449
904 518
6683 4597
9755 4142
3604 1495
7450 5052
2446 801
903 377
5139 243
2060 352
7449 7159
7442 7128
1291 472
8596 7016
2445 934
902 554
2059 390
7441 7159
1290 373
8595 4170
2444 441
901 925
2443 429
900 514
2047 417
8979 4120
5900 3810
8972 4049
2821 3516
1278 405
2439 427
8590 4171
8583 3926
2432 429
889 595
1284 405
10514 7080
4363 3655
2438 541
8589 6166
5510 26
2431 429
888 573
8977 4010
8970 4009
2819 3170
1276 405
8581 3926
2430 934
887 411
8195 3797
2044 420
7440 7138
1282 515
4361 3651
8976 4101
5897 3914
8969 4009
2818 3170
1275 568
5508 32
8580 3926
2429 934
886 411
2435 934
8586 6166
5507 33
2428 441
885 595
5121 3478
8193 4363
2042 1799
1273 405
2434 441
8585 3926
5506 25
8578 3926
2427 541
3963 3021
884 595
1286 501
7437 3913
1279 405
10509 7125
4358 3627
2822 1072
8973 4051
5894 3808
8966 6225
2815 3519
4351 3615
1272 404
2433 441
8584 6166
5505 102
2426 418
883 595
5893 4705
1271 569
5504 24
3961 3022
7033 7055
882 513
5503 24
2424 422
3960 1040
7032 7058
881 537
8196 4363
1269 404
2423 933
880 513
1268 505
2422 438
1267 569
2421 529
8967 3973
2420 418
877 511
8192 4352
2419 422
5119 622
8191 3910
1264 2631
2417 419
874 511
1789 2659
2563 934
7178 7217
1603 2668
7754 6674
1596 932
6978 7183
827 589
1415 373
7566 7215
1788 2615
2569 795
8720 6207
5641 7008
833 459
6984 7218
3905 3587
826 459
1594 488
6983 7221
832 551
3911 3638
3904 3588
825 589
1413 500
7564 7215
1406 568
1786 2705
5639 7008
2560 442
1024 510
7175 7206
7168 7154
1017 581
3143 3659
9294 3953
1600 493
7751 7076
1593 488
831 461
3910 3626
3903 3588
824 589
1785 2690
5638 7008
2559 442
4095 3629
1016 581
1592 408
3902 3536
823 551
7555 7209
1404 405
1784 2705
1029 2685
7180 7217
4101 3654
5637 7008
2558 442
4094 3629
1591 488
829 379
6980 7195
822 461
6794 7165
9866 6250
3715 3598
8323 3918
2172 540
1410 566
7561 7215
1403 568
7934 7179
1783 543
2564 236
8715 3926
2557 541
1021 596
7172 7182
4093 3599
1590 2665
6972 7151
821 378
9290 4053
1589 2666
3899 3588
6971 7098
820 588
6970 7162
819 588
6969 7145
818 552
7930 7188
1779 487
5632 34
2553 442
4089 3587
7161 7151
1010 581
1586 468
6968 7144
817 588
7929 7188
1778 452
5631 6127
2552 442
7160 7151
1009 581
6967 7142
816 588
9860 6261
3709 3588
8324 4363
9098 4041
6019 7114
6966 7145
815 552
9859 6237
3708 3589
5629 4790
2550 442
1583 484
6965 7145
814 463
1582 2665
813 378
4091 3599
5627 4788
2548 419
7163 7094
7156 7140
1005 402
1581 468
812 462
7924 7176
1773 2668
4090 3587
7162 7093
1004 402
811 465
2935 3519
1003 511
810 588
11001 6172
4850 3645
1002 617
9279 3965
9272 4040
3121 803
1578 407
809 553
1577 484
808 378
807 553
10998 3975
4847 3621
7157 7139
999 511
806 377
9468 3959
998 617
1574 407
805 377
2929 3512
7544 7158
1386 371
997 617
9274 3970
1573 486
804 590
3847 3011
2304 427
761 462
1149 572
1529 371
2303 531
760 587
1907 421
1138 2685
749 571
1906 408
4216 366
1137 569
2291 418
748 590
747 590
1911 421
4990 522
1904 490
1142 572
4221 1871
1135 404
746 590
1141 2648
4220 3029
1134 591
5367 3453
2288 419
6896 7222
745 584
1902 408
4219 3465
1133 2685
2287 438
744 596
2831 442
8982 4050
5903 3806
2442 934
8593 4170
892 595
6090 7120
3011 3647
7626 6686
989 507
7350 7152
4271 3642
2728 353
7343 7147
4264 3610
1185 548
1572 407
10802 6184
4651 3656
1565 524
796 582
5365 3452
2286 529
6894 7222
743 596
2049 440
2830 442
8981 4096
1287 373
7438 4360
1280 611
2441 541
8592 4171
891 512
4553 3644
7625 6687
698 596
8878 4169
2727 353
7342 7138
4263 3610
1184 547
10794 4138
4643 3566
1564 375
795 525
5364 3455
2285 529
742 584
2048 540
8980 3973
5901 3810
2440 429
8591 4170
890 411
4552 3639
6088 7115
3009 3647
704 586
6855 4595
697 2647
7348 7101
4269 3642
2726 356
7341 7139
1183 547
3113 1922
9264 3929
10793 4154
4642 3600
1563 2671
794 595
1899 487
1130 585
5363 3455
2284 390
6892 7207
741 583
1182 396
1562 500
793 595
2188 391
1419 2672
1030 510
7757 6674
1606 416
8531 3984
2380 3057
837 550
1898 487
4215 366
1129 2695
5362 2570
2283 418
740 595
7339 7147
1188 547
4267 3629
2724 442
1181 395
1561 500
792 598
2187 2009
2572 801
9306 3950
7756 6674
1605 562
3915 3664
836 550
7472 7217
1321 495
9402 4051
9395 4046
3244 3601
1701 1426
932 549
1897 490
1128 569
6890 7198
739 581
791 402
7755 6674
1604 2667
8529 4006
2378 1069
6986 7218
835 459
2863 3667
1320 563
9401 4017
6322 7087
1700 483
2474 3658
4010 3665
7082 7218
931 549
3439 3506
1896 347
1127 508
11511 3563
5360 2570
2281 419
738 581
9640 6184
3489 3581
1946 391
2720 442
3100 356
788 597
2183 390
1414 2672
1794 2675
1025 595
1601 539
2860 803
1317 493
1697 1426
3436 2608
1124 618
2691 3117
1148 374
2302 422
759 587
9273 4095
803 571
9751 6203
3600 3319
2057 352
7446 6872
1288 406
899 590
706 586
9639 4018
3488 3581
1945 2675
787 597
2182 390
1793 2675
2567 359
9301 6220
3917 3665
2859 3576
9397 3993
1696 1426
4013 3665
5549 7033
3435 3503
1916 421
2690 3117
1147 501
9228 4126
6149 5430
2301 531
758 587
9465 3959
995 618
1571 484
802 590
2056 352
7445 6872
898 590
705 586
6566 7219
9638 6184
3487 3582
1944 390
1175 496
786 597
9300 4103
1599 493
830 551
1315 489
9396 4046
1695 1426
7084 7218
926 458
2300 422
757 587
9271 4081
1570 483
801 585
2055 417
897 536
7344 7147
1186 397
4265 3611
1179 396
790 598
834 550
1699 372
5359 1233
2280 438
9637 4018
3486 3319
1943 2689
1174 381
1554 372
785 597
1598 439
8530 3985
1314 408
1694 1426
3433 367
1121 618
9226 3960
2299 422
756 377
2732 804
7347 7119
1189 547
1569 375
800 590
896 557
703 2646
1178 456
789 598
2184 418
1795 2658
1026 595
9303 3951
6224 7021
1318 381
1698 1427
929 380
3437 615
1894 485
1125 617
11509 3568
5358 1231
1790 2659
7179 7217
9298 3954
6219 7024
1597 488
5450 3451
828 459
924 460
9583 6177
3432 3503
6146 7050
7682 7220
2298 418
755 587
9462 3959
3304 3503
992 507
2731 802
1568 2671
799 558
2053 543
895 470
702 585
1143 591
7681 7220
2297 391
754 377
4273 3662
7345 7152
798 403
2052 1957
1283 515
2437 429
894 471
4556 3655
3013 3658
2296 933
753 590
7351 7153
4272 3662
797 601
2436 429
893 535
5374 3451
2295 438
752 586
2294 418
751 554
750 2646
